import matplotlib.pyplot as plt 
from pprint import pprint

data = """[ INFO] [1699880716.175791437]: Transformation matrix 1:
  -0.997003 -0.00957099   0.0767654    0.398255
 -0.0101587    0.999924 -0.00727157   -0.255625
 -0.0766899  -0.0080295   -0.997022     1.08151
          0           0           0           1
[ INFO] [1699880716.176525896]: Transformation matrix 2:
  -0.997154  -0.0087035   0.0748935    0.400172
-0.00927324    0.999931 -0.00726296   -0.253167
 -0.0748251 -0.00793679   -0.997165     1.08121
          0           0           0           1
[ INFO] [1699880718.326012860]: Transformation matrix 1:
  -0.996955 -0.00893965   0.0774712    0.397465
-0.00964359    0.999916 -0.00871767   -0.254204
 -0.0773868 -0.00943819   -0.996956     1.08119
          0           0           0           1
[ INFO] [1699880718.326061501]: Transformation matrix 2:
  -0.997145 -0.00871355   0.0750046    0.399778
-0.00929331     0.99993 -0.00738412   -0.213632
  -0.074935 -0.00806008   -0.997156     1.08185
          0           0           0           1
[ INFO] [1699880720.427492197]: Transformation matrix 1:
  -0.996964 -0.00890626   0.0773577    0.397593
-0.00962061    0.999915 -0.00886689   -0.253933
 -0.0772722 -0.00958414   -0.996964     1.08139
          0           0           0           1
[ INFO] [1699880720.427527034]: Transformation matrix 2:
  -0.997152 -0.00847115   0.0749352    0.399607
-0.00904462    0.999932 -0.00731692   -0.184984
 -0.0748681 -0.00797384   -0.997162     1.08069
          0           0           0           1
[ INFO] [1699880721.096214896]: Transformation matrix 1:
  -0.997016 -0.00508115   0.0770332    0.397698
-0.00554826    0.999968 -0.00585716   -0.254288
 -0.0770011 -0.00626723   -0.997011     1.08209
          0           0           0           1
[ INFO] [1699880721.096242873]: Transformation matrix 2:
  -0.997151 -0.00847609   0.0749539    0.399607
-0.00904971    0.999932 -0.00731664   -0.184983
 -0.0748868  -0.0079741    -0.99716     1.08069
          0           0           0           1
[ INFO] [1699880722.407098291]: Transformation matrix 1:
 -0.995755  0.0185679  0.0901538   0.383424
 0.0199856    0.99969    0.01486  -0.242379
-0.0898499  0.0165987  -0.995817    1.07972
         0          0          0          1
[ INFO] [1699880722.407124580]: Transformation matrix 2:
  -0.997151 -0.00847727   0.0749579    0.399607
-0.00905095    0.999932 -0.00731699   -0.184982
 -0.0748908 -0.00797458    -0.99716      1.0807
          0           0           0           1
[ INFO] [1699880723.640282923]: Transformation matrix 1:
 -0.994333  0.0329759   0.101063   0.372255
 0.0361493   0.998904  0.0297341  -0.255203
-0.0999716   0.033219  -0.994435    1.07682
         0          0          0          1
[ INFO] [1699880723.640333615]: Transformation matrix 2:
  -0.997151 -0.00847785   0.0749606    0.399607
-0.00905155    0.999932 -0.00731699   -0.184982
 -0.0748934 -0.00797465    -0.99716      1.0807
          0           0           0           1
[ INFO] [1699880725.704532224]: Transformation matrix 1:
-0.993952 0.0343246  0.104327  0.370417
0.0384343  0.998553 0.0376461 -0.272082
-0.102884  0.041428  -0.99383   1.07613
        0         0         0         1
[ INFO] [1699880725.704557588]: Transformation matrix 2:
  -0.997169 -0.00865192   0.0746936    0.399431
 -0.0092347     0.99993 -0.00746044   -0.144583
 -0.0746238 -0.00812909   -0.997179     1.08095
          0           0           0           1
[ INFO] [1699880726.649491584]: Transformation matrix 1:
-0.994224 0.0302357  0.102985  0.373158
0.0349002  0.998431 0.0437985 -0.282368
-0.101499 0.0471397 -0.993718   1.07729
        0         0         0         1
[ INFO] [1699880726.649517818]: Transformation matrix 2:
  -0.997203 -0.00882136   0.0742123    0.399511
-0.00943199    0.999924 -0.00788177   -0.118904
 -0.0741372  -0.0085597   -0.997211     1.08148
          0           0           0           1
[ INFO] [1699880728.153927920]: Transformation matrix 1:
-0.994087 0.0314571  0.103929  0.371916
0.0360853  0.998425 0.0429659 -0.284825
-0.102413 0.0464623 -0.993657    1.0766
        0         0         0         1
[ INFO] [1699880728.153977117]: Transformation matrix 2:
  -0.997186 -0.00882185   0.0744469    0.399072
-0.00946575    0.999921 -0.00830077  -0.0799414
 -0.0743678 -0.00898211    -0.99719     1.08101
          0           0           0           1
[ INFO] [1699880730.067457879]: Transformation matrix 1:
 -0.993868  0.0443398   0.101305   0.374805
 0.0500667   0.997247  0.0547121  -0.269444
-0.0986004  0.0594485   -0.99335    1.08111
         0          0          0          1
[ INFO] [1699880730.067507010]: Transformation matrix 2:
  -0.997152 -0.00872152   0.0749106    0.398493
-0.00928915    0.999931 -0.00723229  -0.0553899
 -0.0748424 -0.00790755   -0.997164     1.07965
          0           0           0           1
[ INFO] [1699880732.261511117]: Transformation matrix 1:
 -0.992757  0.0648256    0.10116   0.375031
 0.0718998   0.995097  0.0679207  -0.259738
-0.0962611  0.0747019  -0.992549    1.08569
         0          0          0          1
[ INFO] [1699880732.261537504]: Transformation matrix 2:
  -0.997149 -0.00874088   0.0749506    0.398495
-0.00930811    0.999931 -0.00722201  -0.0553884
 -0.0748822 -0.00789906   -0.997161     1.07967
          0           0           0           1
[ INFO] [1699880734.464441904]: Transformation matrix 1:
-0.988578 0.0974005  0.115008  0.364876
 0.107419  0.990627 0.0843832 -0.267811
-0.105712 0.0957734 -0.989774    1.0851
        0         0         0         1
[ INFO] [1699880734.464489465]: Transformation matrix 2:
  -0.997148 -0.00874438   0.0749582    0.398495
-0.00931156    0.999931 -0.00722036  -0.0553878
 -0.0748899 -0.00789775   -0.997161     1.07967
          0           0           0           1
[ INFO] [1699880735.606211478]: Transformation matrix 1:
-0.986748   0.10723   0.12179  0.360084
 0.118752  0.988687 0.0916509 -0.285655
-0.110584  0.104899 -0.988316   1.08389
        0         0         0         1
[ INFO] [1699880735.606258729]: Transformation matrix 2:
  -0.997148 -0.00874623   0.0749617    0.398495
 -0.0093134    0.999931 -0.00721989  -0.0553874
 -0.0748934 -0.00789745    -0.99716     1.07967
          0           0           0           1
[ INFO] [1699880737.673857821]: Transformation matrix 1:
-0.987313   0.10862  0.115816  0.365331
 0.120138  0.987949 0.0975862 -0.301105
 -0.10382  0.110262 -0.988466   1.08575
        0         0         0         1
[ INFO] [1699880737.673884188]: Transformation matrix 2:
  -0.997148 -0.00874786   0.0749647    0.398495
  -0.009315    0.999931 -0.00721913  -0.0553871
 -0.0748963 -0.00789684    -0.99716     1.07967
          0           0           0           1
[ INFO] [1699880738.716025274]: Transformation matrix 1:
-0.988137  0.104374  0.112668  0.368666
 0.115897  0.988105  0.101087 -0.310594
-0.100776  0.112945 -0.988478   1.08698
        0         0         0         1
[ INFO] [1699880738.716051429]: Transformation matrix 2:
  -0.997152 -0.00861978   0.0749209    0.398465
-0.00919548    0.999931 -0.00734257  -0.0541074
 -0.0748524 -0.00801059   -0.997162     1.07965
          0           0           0           1
[ INFO] [1699880740.000621049]: Transformation matrix 1:
 -0.988743   0.102274   0.109214   0.370762
  0.113307   0.988504   0.100105  -0.312562
-0.0977204   0.111352  -0.988965    1.08791
         0          0          0          1
[ INFO] [1699880740.000649095]: Transformation matrix 2:
  -0.997128 -0.00882712   0.0752215    0.398211
-0.00948656     0.99992 -0.00841394  -0.0263117
 -0.0751412 -0.00910337   -0.997131     1.07962
          0           0           0           1
[ INFO] [1699880741.509784748]: Transformation matrix 1:
 -0.989708  0.0952326   0.106817    0.37216
  0.106131   0.989161   0.101476  -0.317917
-0.0959955   0.111768  -0.989087    1.08887
         0          0          0          1
[ INFO] [1699880741.509836508]: Transformation matrix 2:
  -0.997116 -0.00887725   0.0753685    0.398118
-0.00943106    0.999931 -0.00699522  -0.0142111
 -0.0753013 -0.00768585   -0.997131      1.0794
          0           0           0           1
[ INFO] [1699880743.343712608]: Transformation matrix 1:
 -0.989579  0.0947196   0.108453   0.372066
  0.106095   0.988857   0.104428  -0.313401
-0.0973528   0.114846  -0.988601    1.09039
         0          0          0          1
[ INFO] [1699880743.343741858]: Transformation matrix 2:
  -0.997116 -0.00888005   0.0753713    0.398117
 -0.0094338    0.999931 -0.00699409  -0.0142111
  -0.075304 -0.00768496   -0.997131      1.0794
          0           0           0           1
[ INFO] [1699880745.178837023]: Transformation matrix 1:
-0.985944   0.11623  0.120017  0.363885
 0.130312  0.984541  0.117038 -0.311521
-0.104559  0.131032 -0.985849   1.09078
        0         0         0         1
[ INFO] [1699880745.178862198]: Transformation matrix 2:
  -0.997116 -0.00888053   0.0753721    0.398117
-0.00943426    0.999931 -0.00699383  -0.0142112
 -0.0753048 -0.00768474   -0.997131      1.0794
          0           0           0           1
[ INFO] [1699880746.500454442]: Transformation matrix 1:
-0.985967  0.111425  0.124316  0.359666
 0.126184   0.98497  0.117951 -0.320492
-0.109305  0.131983 -0.985207   1.08903
        0         0         0         1
[ INFO] [1699880746.500479374]: Transformation matrix 2:
  -0.997116 -0.00888074   0.0753726    0.398117
-0.00943451    0.999931 -0.00699424  -0.0142111
 -0.0753053 -0.00768518   -0.997131      1.0794
          0           0           0           1
[ INFO] [1699880747.859449209]: Transformation matrix 1:
-0.985246  0.112996   0.12854  0.355778
 0.128547  0.984426  0.119918 -0.325385
-0.112988  0.134672 -0.984428   1.08716
        0         0         0         1
[ INFO] [1699880747.859476671]: Transformation matrix 2:
  -0.997116 -0.00888122   0.0753732    0.398116
-0.00943499    0.999931 -0.00699424  -0.0142109
 -0.0753059 -0.00768522   -0.997131      1.0794
          0           0           0           1
[ INFO] [1699880749.694176200]: Transformation matrix 1:
-0.985656  0.105255  0.131922   0.35274
 0.121023  0.985629  0.117841 -0.327459
-0.117622  0.132117  -0.98423   1.08567
        0         0         0         1
[ INFO] [1699880749.694204652]: Transformation matrix 2:
  -0.997116 -0.00888153   0.0753733    0.398116
-0.00943532    0.999931 -0.00699428  -0.0142108
  -0.075306 -0.00768528   -0.997131      1.0794
          0           0           0           1
[ INFO] [1699880751.266137905]: Transformation matrix 1:
-0.987275  0.100587  0.123174  0.360221
 0.115013  0.986543  0.116224 -0.328418
-0.109826  0.128912 -0.985556   1.08797
        0         0         0         1
[ INFO] [1699880751.266179495]: Transformation matrix 2:
  -0.997116 -0.00888166   0.0753736    0.398116
-0.00943545    0.999931 -0.00699437  -0.0142108
 -0.0753063 -0.00768538   -0.997131      1.0794
          0           0           0           1
[ INFO] [1699880752.953112317]: Transformation matrix 1:
-0.988225 0.0929281  0.121569  0.361897
   0.1072   0.98737  0.116665 -0.330674
-0.109191  0.128323 -0.985704   1.08856
        0         0         0         1
[ INFO] [1699880752.953139746]: Transformation matrix 2:
  -0.997116 -0.00888185   0.0753739    0.398116
-0.00943565    0.999931 -0.00699451  -0.0142107
 -0.0753066 -0.00768554   -0.997131      1.0794
          0           0           0           1
[ INFO] [1699880754.774492135]: Transformation matrix 1:
-0.988811 0.0901946  0.118811   0.36473
  0.10391  0.987936  0.114815 -0.330462
-0.107022  0.125877 -0.986256   1.08923
        0         0         0         1
[ INFO] [1699880754.774517807]: Transformation matrix 2:
  -0.997116 -0.00888233   0.0753741    0.398116
-0.00943614    0.999931 -0.00699444  -0.0142106
 -0.0753068  -0.0076855   -0.997131      1.0794
          0           0           0           1"""

series1= []
series2= []

counter = 0
temp = []
for i in data.split("\n"):
    if i[-2::] != "2:" and i[-2::] != "1:":
        if counter == 4:
            series1.append(temp)
            temp = []
        elif counter == 8:
            series2.append(temp)
            temp = []
            counter =0
        if counter <4:
            temp.append(list(map(float , i.split())))

        elif counter <8:
            temp.append(list(map(float,i.split())))

        
        
        counter +=1


vals = []
for i in range(len(series1)-1):
    temp_vals = 0
    for j in range(len(series1[i])):
        for k in range(len(series1[i][0])):
            temp_vals += abs(series1[i][j][k] - series2[i][j][k])
    
    vals.append(temp_vals)

plt.plot(vals)
plt.show()

        

