import matplotlib.pyplot as plt 
from pprint import pprint

data = """[ INFO] [1699948022.438238836]: Transformation matrix 1:
  -0.997017 -0.00810426   0.0767598    0.399889
-0.00868736    0.999937 -0.00726272   -0.255946
  -0.076696 -0.00790802   -0.997023     1.08155
          0           0           0           1
[ INFO] [1699948022.439121354]: Transformation matrix 2:
  -0.997154  -0.0087035   0.0748935    0.400172
-0.00927324    0.999931 -0.00726296   -0.253167
 -0.0748251 -0.00793679   -0.997165     1.08121
          0           0           0           1
[ INFO] [1699948024.581852010]: Transformation matrix 1:
  -0.996959 -0.00862282   0.0774566     0.40007
-0.00909735    0.999943 -0.00577512   -0.255878
 -0.0774023 -0.00646224   -0.996979      1.0817
          0           0           0           1
[ INFO] [1699948024.581883589]: Transformation matrix 2:
  -0.997142 -0.00871526   0.0750467    0.399793
 -0.0093015    0.999929 -0.00746571   -0.215093
 -0.0749763 -0.00814242   -0.997152     1.08189
          0           0           0           1
[ INFO] [1699948026.714196309]: Transformation matrix 1:
  -0.996968  -0.0086461   0.0773421    0.400055
-0.00910836    0.999943 -0.00562573    -0.25576
  -0.077289 -0.00631319   -0.996989     1.08142
          0           0           0           1
[ INFO] [1699948026.714228068]: Transformation matrix 2:
  -0.997152 -0.00847115   0.0749352    0.399607
-0.00904462    0.999932 -0.00731692   -0.184984
 -0.0748681 -0.00797384   -0.997162     1.08069
          0           0           0           1
[ INFO] [1699948028.477218703]: Transformation matrix 1:
  -0.996935 -0.00879708   0.0777298    0.400243
 -0.0093036    0.999937 -0.00615876    -0.25397
 -0.0776706 -0.00686322   -0.996956     1.08194
          0           0           0           1
[ INFO] [1699948028.477251947]: Transformation matrix 2:
  -0.997151 -0.00847615   0.0749541    0.399607
-0.00904978    0.999932 -0.00731681   -0.184983
  -0.074887 -0.00797429    -0.99716     1.08069
          0           0           0           1
[ INFO] [1699948030.826241926]: Transformation matrix 1:
  -0.996744  0.00264906    0.080598    0.397143
 0.00199976    0.999964 -0.00815326   -0.240848
 -0.0806166 -0.00796591   -0.996714     1.08164
          0           0           0           1
[ INFO] [1699948030.826283260]: Transformation matrix 2:
  -0.997151 -0.00847744   0.0749596    0.399607
-0.00905112    0.999932 -0.00731679   -0.184982
 -0.0748925 -0.00797441    -0.99716      1.0807
          0           0           0           1
[ INFO] [1699948032.890007983]: Transformation matrix 1:
   -0.996356  0.000554705    0.0853048     0.398528
-0.000189297     0.999962  -0.00871884    -0.243585
   -0.085306  -0.00870337    -0.996317      1.08423
           0            0            0            1
[ INFO] [1699948032.890043019]: Transformation matrix 2:
  -0.997158 -0.00859748   0.0748464    0.399371
-0.00916384    0.999932 -0.00722678   -0.155611
 -0.0747792 -0.00789212   -0.997169     1.08066
          0           0           0           1
[ INFO] [1699948034.679514233]: Transformation matrix 1:
  -0.996389 -0.00105081   0.0848954    0.397759
-0.00194796    0.999943  -0.0104857    -0.25089
 -0.0848796  -0.0106134   -0.996336     1.08387
          0           0           0           1
[ INFO] [1699948034.679543877]: Transformation matrix 2:
  -0.997211 -0.00881125   0.0741077    0.399391
-0.00943652    0.999923 -0.00809136   -0.101315
 -0.0740307 -0.00876812   -0.997217     1.08146
          0           0           0           1
[ INFO] [1699948036.751438142]: Transformation matrix 1:
 -0.995984 0.00488258  0.0894077   0.398731
0.00389586    0.99993 -0.0112141  -0.255388
-0.0894561 -0.0108209  -0.995933    1.08544
         0          0          0          1
[ INFO] [1699948036.751480120]: Transformation matrix 2:
  -0.997154 -0.00860557   0.0748953    0.398457
-0.00920551    0.999928 -0.00766882  -0.0551578
  -0.074824 -0.00833645   -0.997162     1.07966
          0           0           0           1
[ INFO] [1699948039.261177071]: Transformation matrix 1:
 -0.995726 0.00504639  0.0922302    0.40144
0.00407466   0.999935 -0.0107217  -0.240021
-0.0922785    -0.0103   -0.99568     1.0843
         0          0          0          1
[ INFO] [1699948039.261206527]: Transformation matrix 2:
  -0.997149 -0.00873887   0.0749463    0.398495
 -0.0093061    0.999931 -0.00722259  -0.0553889
  -0.074878 -0.00789945   -0.997162     1.07967
          0           0           0           1
[ INFO] [1699948043.744700099]: Transformation matrix 1:
 -0.994751 0.00666507   0.102132   0.412368
0.00536727   0.999902 -0.0129787  -0.230137
 -0.102208 -0.0123624  -0.994686    1.08566
         0          0          0          1
[ INFO] [1699948043.744730362]: Transformation matrix 2:
  -0.997148 -0.00874492   0.0749589    0.398495
-0.00931209    0.999931 -0.00722021  -0.0553877
 -0.0748906 -0.00789764   -0.997161     1.07967
          0           0           0           1
[ INFO] [1699948046.531245743]: Transformation matrix 1:
  -0.994541 -0.00153874    0.104347     0.40659
-0.00287951    0.999917  -0.0127003   -0.243783
  -0.104318  -0.0129313    -0.99446     1.08684
          0           0           0           1
[ INFO] [1699948046.531290133]: Transformation matrix 2:
  -0.997148 -0.00874827   0.0749658    0.398495
-0.00931541    0.999931 -0.00721907  -0.0553869
 -0.0748974 -0.00789681    -0.99716     1.07967
          0           0           0           1
[ INFO] [1699948049.072490168]: Transformation matrix 1:
  -0.994391  -0.0055479    0.105628    0.403719
-0.00646907    0.999945 -0.00838106   -0.250521
  -0.105576  -0.0090173    -0.99437     1.08638
          0           0           0           1
[ INFO] [1699948049.072531382]: Transformation matrix 2:
  -0.997116 -0.00887471   0.0753671    0.398119
-0.00942856    0.999931 -0.00699604  -0.0142115
 -0.0752998 -0.00768647   -0.997131      1.0794
          0           0           0           1
[ INFO] [1699948051.603641476]: Transformation matrix 1:
   -0.99428 -0.00737085    0.106559    0.401402
-0.00810886    0.999947 -0.00649506    -0.24819
  -0.106505 -0.00732191   -0.994286     1.08545
          0           0           0           1
[ INFO] [1699948051.603690077]: Transformation matrix 2:
  -0.997116 -0.00888035   0.0753716    0.398117
-0.00943411    0.999931 -0.00699411  -0.0142111
 -0.0753043   -0.007685   -0.997131      1.0794
          0           0           0           1
[ INFO] [1699948054.277104779]: Transformation matrix 1:
  -0.994132 -0.00996287     0.10772    0.399939
 -0.0107052    0.999923 -0.00631569   -0.243916
  -0.107649  -0.0074318   -0.994162     1.08471
          0           0           0           1
[ INFO] [1699948054.277135993]: Transformation matrix 2:
  -0.997116 -0.00888074   0.0753726    0.398117
-0.00943451    0.999931 -0.00699424  -0.0142111
 -0.0753053 -0.00768518   -0.997131      1.0794
          0           0           0           1
[ INFO] [1699948056.672831836]: Transformation matrix 1:
  -0.994026 -0.00943725    0.108744    0.399402
 -0.0100981    0.999934 -0.00552816   -0.251002
  -0.108685 -0.00659332   -0.994055     1.08486
          0           0           0           1
[ INFO] [1699948056.672859644]: Transformation matrix 2:
  -0.997116 -0.00888176   0.0753735    0.398116
-0.00943555    0.999931 -0.00699433  -0.0142108
 -0.0753062 -0.00768535   -0.997131      1.0794
          0           0           0           1
[ INFO] [1699948059.111544148]: Transformation matrix 1:
    -0.9941 -0.00873415     0.10813    0.398416
-0.00977481    0.999911 -0.00909963   -0.253384
  -0.108041  -0.0101028   -0.994096     1.08487
          0           0           0           1
[ INFO] [1699948059.111573367]: Transformation matrix 2:
  -0.997116 -0.00888196   0.0753736    0.398116
-0.00943574    0.999931 -0.00699422  -0.0142107
 -0.0753063 -0.00768525   -0.997131      1.0794
          0           0           0           1
[ INFO] [1699948061.514018958]: Transformation matrix 1:
   -0.99406 -0.00586303    0.108679    0.396938
-0.00693881    0.999932 -0.00952272   -0.255077
  -0.108616  -0.0102202   -0.994031     1.08532
          0           0           0           1
[ INFO] [1699948061.514060878]: Transformation matrix 2:
  -0.997116 -0.00888165   0.0753738    0.398116
-0.00943543    0.999931 -0.00699425  -0.0142109
 -0.0753065 -0.00768526   -0.997131      1.0794
          0           0           0           1
[ INFO] [1699948063.818579922]: Transformation matrix 1:
  -0.994136 -0.00686452    0.107924    0.397078
-0.00786847     0.99993 -0.00888065   -0.255473
  -0.107856 -0.00967769    -0.99412     1.08463
          0           0           0           1
[ INFO] [1699948063.818622452]: Transformation matrix 2:
  -0.997116 -0.00888201   0.0753742    0.398116
-0.00943579    0.999931 -0.00699418  -0.0142108
 -0.0753068 -0.00768522   -0.997131      1.0794
          0           0           0           1"""

series1= []
series2= []

counter = 0
temp = []
for i in data.split("\n"):
    if i[-2::] != "2:" and i[-2::] != "1:":
        if counter == 4:
            series1.append(temp)
            temp = []
        elif counter == 8:
            series2.append(temp)
            temp = []
            counter =0
        if counter <4:
            temp.append(list(map(float , i.split())))

        elif counter <8:
            temp.append(list(map(float,i.split())))

        
        
        counter +=1


vals = []
for i in range(len(series1)-1):
    temp_vals = 0
    for j in range(len(series1[i])):
        for k in range(len(series1[i][0])):
            temp_vals += abs(series1[i][j][k] - series2[i][j][k])
    
    vals.append(temp_vals)

plt.plot(vals)
plt.show()

        

